0.984 0.016
0.995 0.005
0.992 0.008
0.977 0.023
0.969 0.031
0.965 0.035
0.972 0.028
0.981 0.019
0.996 0.004
0.965 0.035
0.96 0.04
0.994 0.006
0.996 0.004
0.991 0.009
0.998 0.002
0.995 0.005
0.993 0.007
0.983 0.017
0.979 0.021
0.987 0.013
0.969 0.031
0.977 0.023
0.992 0.008
0.995 0.005
0.963 0.037
0.959 0.041
0.952 0.048
0.962 0.038
0.992 0.008
0.999 0.001
0.998 0.002
0.965 0.035
0.97 0.03
0.961 0.039
0.994 0.006
0.957 0.043
0.977 0.023
0.999 0.001
0.981 0.019
0.965 0.035
0.976 0.024
0.967 0.033
0.989 0.011
0.951 0.049
0.991 0.009
0.968 0.032
0.988 0.012
0.999 0.001
0.971 0.029
0.993 0.007
0.971 0.029
0.962 0.038
0.963 0.037
0.961 0.039
0.952 0.048
0.975 0.025
0.97 0.03
0.953 0.047
0.968 0.032
0.969 0.031
0.95 0.05
0.966 0.034
0.99 0.01
0.977 0.023
0.958 0.042
0.962 0.038
0.95 0.05
0.963 0.037
0.99 0.01
0.988 0.012
0.976 0.024
0.982 0.018
0.981 0.019
0.986 0.014
0.992 0.008
0.952 0.048
0.98 0.02
0.96 0.04
0.985 0.015
0.955 0.045
0.996 0.004
0.982 0.018
0.956 0.044
0.975 0.025
0.961 0.039
0.999 0.001
0.992 0.008
0.972 0.028
0.965 0.035
0.984 0.016
0.977 0.023
0.966 0.034
0.966 0.034
0.979 0.021
0.993 0.007
0.958 0.042
0.97 0.03
0.996 0.004
0.994 0.006

